#Time        Beam      DM        SNR       Nhits     
700.631     0         721.00    6.43      2         
401.471     0         719.00    6.14      30        
307.753     0         783.00    6.12      4         
640.921     0         775.00    6.02      2         
706.105     0         729.00    5.93      2         
86.869      0         779.00    5.89      2         
794.666     0         754.00    5.87      1         
279.137     0         781.00    5.83      4         
717.783     0         765.00    5.82      4         
394.262     0         737.00    5.81      1         
845.939     0         708.00    5.78      1         
168.109     0         785.00    5.74      5         
375.246     0         777.00    5.73      2         
787.031     0         724.00    5.71      1         
302.882     0         730.00    5.69      11        
632.677     0         769.00    5.68      1         
230.135     0         707.00    5.68      2         
740.767     0         784.00    5.63      1         
293.845     0         764.00    5.62      1         
514.743     0         739.00    5.61      2         
37.360      0         770.00    5.61      1         
170.410     0         748.00    5.60      2         
169.383     0         732.00    5.59      1         
589.767     0         710.00    5.58      3         
593.845     0         777.00    5.57      1         
209.177     0         704.00    5.55      1         
729.857     0         760.00    5.54      1         
468.302     0         783.00    5.53      3         
578.149     0         789.00    5.52      2         
487.481     0         735.00    5.52      3         
281.974     0         747.00    5.51      1         
49.913      0         791.00    5.48      1         
724.061     0         732.00    5.48      1         
673.670     0         779.00    5.48      2         
568.489     0         714.00    5.48      4         
322.070     0         729.00    5.48      1         
261.128     0         756.00    5.48      2         
246.578     0         755.00    5.47      1         
674.277     0         772.00    5.47      2         
82.033      0         759.00    5.46      1         
645.665     0         758.00    5.46      2         
807.783     0         712.00    5.46      1         
222.211     0         738.00    5.46      2         
250.348     0         784.00    5.45      3         
631.281     0         735.00    5.45      1         
537.160     0         794.00    5.44      1         
855.732     0         732.00    5.44      2         
842.845     0         767.00    5.44      1         
680.391     0         718.00    5.44      3         
669.852     0         721.00    5.44      9         
87.366      0         764.00    5.43      3         
309.443     0         704.00    5.43      1         
369.472     0         758.00    5.43      2         
625.156     0         707.00    5.42      2         
135.484     0         765.00    5.42      1         
504.626     0         714.00    5.41      2         
413.938     0         714.00    5.41      3         
420.022     0         773.00    5.41      1         
282.875     0         777.00    5.41      3         
668.193     0         769.00    5.40      3         
354.955     0         791.00    5.40      2         
874.119     0         777.00    5.39      1         
283.684     0         777.00    5.39      1         
12.023      0         764.00    5.38      1         
459.740     0         737.00    5.38      1         
46.897      0         724.00    5.38      6         
404.311     0         787.00    5.38      1         
270.317     0         774.00    5.38      1         
183.513     0         753.00    5.37      1         
396.049     0         754.00    5.37      1         
51.736      0         708.00    5.36      1         
30.395      0         786.00    5.35      2         
853.450     0         747.00    5.34      3         
266.618     0         783.00    5.34      1         
525.234     0         729.00    5.34      1         
818.461     0         732.00    5.34      2         
604.590     0         711.00    5.34      3         
383.288     0         731.00    5.33      2         
312.924     0         773.00    5.33      1         
687.154     0         713.00    5.33      1         
675.364     0         704.00    5.32      1         
733.644     0         723.00    5.32      2         
657.022     0         783.00    5.32      2         
339.879     0         771.00    5.32      6         
442.351     0         790.00    5.32      1         
580.575     0         731.00    5.31      2         
551.390     0         798.00    5.30      2         
582.933     0         775.00    5.30      1         
799.823     0         727.00    5.30      1         
711.601     0         762.00    5.30      1         
252.445     0         724.00    5.30      3         
286.918     0         785.00    5.30      2         
15.888      0         747.00    5.30      2         
60.715      0         754.00    5.30      1         
364.566     0         733.00    5.29      1         
647.758     0         717.00    5.29      1         
482.208     0         728.00    5.29      1         
576.920     0         784.00    5.29      1         
709.717     0         712.00    5.29      2         
92.407      0         737.00    5.29      1         
134.638     0         754.00    5.29      4         
272.194     0         755.00    5.29      1         
419.470     0         766.00    5.29      1         
498.294     0         729.00    5.28      1         
422.665     0         732.00    5.28      3         
628.520     0         725.00    5.28      1         
298.298     0         786.00    5.28      1         
467.298     0         741.00    5.27      2         
163.446     0         712.00    5.27      1         
120.358     0         751.00    5.27      1         
341.421     0         718.00    5.27      1         
292.042     0         701.00    5.26      1         
609.703     0         742.00    5.25      2         
821.399     0         793.00    5.25      2         
102.696     0         794.00    5.25      4         
506.171     0         763.00    5.25      1         
89.108      0         740.00    5.25      1         
661.542     0         718.00    5.25      2         
766.153     0         717.00    5.25      1         
36.904      0         785.00    5.24      2         
591.415     0         721.00    5.24      1         
869.027     0         748.00    5.24      1         
403.848     0         751.00    5.24      6         
390.427     0         784.00    5.23      3         
38.921      0         778.00    5.23      1         
437.510     0         777.00    5.23      2         
594.543     0         735.00    5.23      2         
423.611     0         706.00    5.23      1         
881.238     0         726.00    5.22      1         
590.239     0         704.00    5.22      1         
435.884     0         737.00    5.22      2         
781.654     0         718.00    5.22      1         
150.614     0         700.00    5.22      2         
473.709     0         789.00    5.21      1         
755.407     0         783.00    5.21      3         
8.511       0         742.00    5.21      1         
207.947     0         771.00    5.21      1         
750.656     0         753.00    5.21      1         
116.545     0         795.00    5.21      1         
122.596     0         705.00    5.21      1         
173.772     0         773.00    5.21      1         
641.455     0         723.00    5.21      1         
121.566     0         787.00    5.21      1         
542.089     0         776.00    5.21      3         
635.906     0         767.00    5.21      2         
584.016     0         732.00    5.20      1         
378.247     0         759.00    5.20      1         
822.678     0         781.00    5.20      2         
285.334     0         720.00    5.20      2         
469.518     0         790.00    5.20      2         
357.733     0         723.00    5.20      2         
526.280     0         788.00    5.20      2         
701.202     0         729.00    5.19      3         
707.078     0         732.00    5.19      1         
275.806     0         737.00    5.19      1         
1.200       0         778.00    5.19      1         
489.186     0         725.00    5.19      1         
496.591     0         739.00    5.19      1         
735.912     0         781.00    5.19      1         
546.447     0         793.00    5.18      2         
630.012     0         740.00    5.18      1         
182.637     0         774.00    5.18      1         
529.372     0         745.00    5.18      1         
57.452      0         766.00    5.18      1         
411.832     0         718.00    5.17      1         
806.782     0         763.00    5.17      1         
599.534     0         791.00    5.17      1         
147.952     0         793.00    5.17      1         
203.337     0         707.00    5.17      1         
248.817     0         741.00    5.17      2         
335.380     0         780.00    5.16      2         
681.668     0         794.00    5.16      1         
22.492      0         725.00    5.16      1         
455.989     0         731.00    5.16      1         
242.616     0         731.00    5.16      1         
863.719     0         790.00    5.16      1         
543.988     0         794.00    5.16      1         
629.903     0         786.00    5.16      2         
231.837     0         797.00    5.16      1         
556.985     0         747.00    5.16      1         
770.267     0         758.00    5.16      1         
864.895     0         794.00    5.15      1         
716.163     0         721.00    5.15      1         
703.880     0         772.00    5.15      1         
373.228     0         777.00    5.15      2         
714.980     0         798.00    5.15      1         
188.787     0         769.00    5.15      1         
638.042     0         791.00    5.15      1         
77.518      0         778.00    5.15      1         
659.901     0         777.00    5.15      2         
637.576     0         776.00    5.15      2         
402.987     0         797.00    5.15      2         
214.511     0         767.00    5.14      3         
649.579     0         737.00    5.14      1         
650.401     0         722.00    5.14      1         
308.672     0         718.00    5.14      1         
508.287     0         775.00    5.14      3         
616.156     0         782.00    5.14      1         
834.987     0         765.00    5.14      1         
831.847     0         786.00    5.14      3         
692.964     0         760.00    5.14      2         
694.162     0         713.00    5.14      3         
783.369     0         725.00    5.14      1         
110.401     0         760.00    5.13      1         
385.580     0         789.00    5.13      2         
42.625      0         744.00    5.13      2         
137.340     0         751.00    5.13      1         
759.908     0         779.00    5.13      1         
792.112     0         779.00    5.13      1         
550.699     0         725.00    5.13      2         
314.666     0         799.00    5.13      1         
876.453     0         788.00    5.13      1         
320.723     0         786.00    5.13      1         
52.415      0         769.00    5.13      1         
891.340     0         745.00    5.12      3         
605.589     0         718.00    5.12      2         
490.885     0         721.00    5.12      3         
515.196     0         774.00    5.12      1         
548.647     0         734.00    5.12      2         
445.144     0         709.00    5.11      2         
532.053     0         791.00    5.11      1         
535.129     0         752.00    5.11      1         
571.116     0         757.00    5.11      1         
304.037     0         746.00    5.11      1         
13.241      0         789.00    5.11      1         
300.244     0         736.00    5.11      1         
825.475     0         714.00    5.11      1         
809.153     0         717.00    5.10      1         
81.186      0         762.00    5.10      1         
254.998     0         783.00    5.10      1         
259.203     0         790.00    5.10      1         
196.901     0         798.00    5.10      2         
826.949     0         761.00    5.10      1         
555.631     0         781.00    5.10      1         
777.317     0         704.00    5.10      1         
502.243     0         740.00    5.09      1         
848.104     0         793.00    5.09      1         
415.933     0         795.00    5.09      1         
583.686     0         716.00    5.09      2         
162.607     0         784.00    5.09      1         
689.908     0         799.00    5.09      1         
721.037     0         710.00    5.09      1         
84.770      0         736.00    5.09      1         
773.726     0         745.00    5.09      1         
249.154     0         791.00    5.09      1         
143.233     0         716.00    5.08      1         
216.841     0         727.00    5.08      2         
227.487     0         702.00    5.08      1         
499.073     0         720.00    5.08      1         
316.376     0         776.00    5.08      2         
371.310     0         740.00    5.08      1         
153.314     0         738.00    5.07      2         
392.700     0         755.00    5.07      1         
663.498     0         726.00    5.07      1         
520.105     0         728.00    5.07      1         
450.671     0         777.00    5.07      1         
278.016     0         799.00    5.07      1         
239.297     0         743.00    5.07      1         
466.600     0         705.00    5.06      1         
460.085     0         775.00    5.06      1         
291.156     0         751.00    5.06      2         
708.357     0         735.00    5.06      1         
340.639     0         757.00    5.06      1         
99.203      0         767.00    5.06      1         
719.207     0         794.00    5.06      1         
234.516     0         717.00    5.06      1         
720.155     0         734.00    5.06      1         
108.759     0         725.00    5.06      1         
633.545     0         746.00    5.05      1         
289.842     0         786.00    5.05      1         
360.907     0         756.00    5.05      1         
758.186     0         741.00    5.05      1         
762.102     0         727.00    5.05      1         
295.535     0         715.00    5.05      1         
782.815     0         734.00    5.05      1         
812.315     0         770.00    5.05      1         
11.751      0         798.00    5.05      1         
820.544     0         791.00    5.04      1         
330.837     0         757.00    5.04      1         
491.405     0         769.00    5.04      3         
483.687     0         710.00    5.04      1         
698.009     0         736.00    5.04      1         
251.417     0         735.00    5.04      1         
476.679     0         706.00    5.04      1         
148.337     0         790.00    5.04      1         
500.691     0         727.00    5.04      1         
336.780     0         732.00    5.03      2         
175.068     0         759.00    5.03      1         
651.426     0         745.00    5.03      1         
730.460     0         717.00    5.03      1         
440.658     0         703.00    5.03      1         
446.090     0         745.00    5.03      1         
513.652     0         774.00    5.03      1         
65.164      0         722.00    5.03      1         
178.831     0         753.00    5.03      1         
34.602      0         773.00    5.03      1         
334.065     0         792.00    5.03      1         
827.455     0         752.00    5.03      1         
9.685       0         715.00    5.03      1         
865.887     0         736.00    5.03      1         
44.068      0         753.00    5.02      1         
652.682     0         710.00    5.02      1         
58.039      0         767.00    5.02      1         
718.220     0         794.00    5.02      1         
288.540     0         763.00    5.02      1         
367.137     0         713.00    5.02      1         
156.415     0         706.00    5.01      1         
123.241     0         711.00    5.01      1         
682.225     0         778.00    5.01      1         
862.181     0         765.00    5.01      1         
326.295     0         712.00    5.01      1         
608.364     0         782.00    5.01      1         
21.324      0         787.00    5.01      2         
715.305     0         759.00    5.01      1         
359.687     0         714.00    5.01      1         
370.641     0         757.00    5.01      1         
319.412     0         700.00    5.01      1         
518.950     0         747.00    5.01      1         
808.178     0         744.00    5.01      1         
296.098     0         712.00    5.01      1         
465.097     0         769.00    5.01      1         
372.450     0         760.00    5.00      1         
823.659     0         773.00    5.00      1         
600.126     0         745.00    5.00      1         
725.257     0         759.00    5.00      1         
